Robot 0
11 6 0 0 0 0 0 0 0
11.0036 6.00198 0.0715586 0.0395562 0.00312543 0.715586 0.395562 0.0312543 0.1
11.0143 6.00791 0.143117 0.0791124 0.00625087 0.715586 0.395562 0.0312543 0.1
11.0322 6.0178 0.214676 0.118669 0.0093763 0.715586 0.395562 0.0312543 0.1
11.0572 6.03164 0.286234 0.158225 0.0125017 0.715586 0.395562 0.0312543 0.1
11.0894 6.04945 0.357793 0.197781 0.0156272 0.715586 0.395562 0.0312543 0.1
11.1288 6.0712 0.429352 0.237337 0.0187526 0.715586 0.395562 0.0312543 0.1
11.1753 6.09691 0.50091 0.276894 0.021878 0.715586 0.395562 0.0312543 0.1
11.229 6.12658 0.572469 0.31645 0.0250035 0.715586 0.395562 0.0312543 0.1
11.2851 6.15634 0.54905 0.27884 -0.0469267 -0.234184 -0.376101 -0.719301 0.1
11.3388 6.18235 0.525632 0.24123 -0.118857 -0.234184 -0.376101 -0.719301 0.1
11.3902 6.20459 0.502214 0.203619 -0.190787 -0.234184 -0.376101 -0.719301 0.1
11.4411 6.22503 0.515794 0.205184 -0.194195 0.135802 0.0156449 -0.0340798 0.1
11.4933 6.24563 0.529374 0.206748 -0.197603 0.135802 0.0156449 -0.0340798 0.1
11.547 6.26638 0.542954 0.208313 -0.201011 0.135802 0.0156449 -0.0340798 0.1
11.6019 6.28729 0.556534 0.209877 -0.204419 0.135802 0.0156449 -0.0340798 0.1
11.6583 6.30836 0.570115 0.211442 -0.207827 0.135802 0.0156449 -0.0340798 0.1
11.716 6.32958 0.583695 0.213006 -0.211235 0.135802 0.0156449 -0.0340798 0.1
11.775 6.35096 0.597275 0.214571 -0.214643 0.135802 0.0156449 -0.0340798 0.1
11.8354 6.37249 0.610855 0.216135 -0.218051 0.135802 0.0156449 -0.0340798 0.1
11.8972 6.39418 0.624435 0.2177 -0.221459 0.135802 0.0156449 -0.0340798 0.1
11.9571 6.41808 0.573876 0.260132 -0.223745 -0.505592 0.424316 -0.022867 0.1
12.012 6.44621 0.523317 0.302563 -0.226032 -0.505592 0.424316 -0.022867 0.1
12.0618 6.47859 0.472758 0.344995 -0.228319 -0.505592 0.424316 -0.022867 0.1
12.1065 6.51521 0.422199 0.387426 -0.230606 -0.505592 0.424316 -0.022867 0.1
12.1462 6.55607 0.37164 0.429858 -0.232892 -0.505592 0.424316 -0.022867 0.1
12.1825 6.59827 0.353379 0.414101 -0.293114 -0.182603 -0.157571 -0.602217 0.1
12.2169 6.63889 0.335119 0.398344 -0.353336 -0.182603 -0.157571 -0.602217 0.1
12.2495 6.67794 0.316859 0.382587 -0.413557 -0.182603 -0.157571 -0.602217 0.1
12.2802 6.71541 0.298598 0.36683 -0.473779 -0.182603 -0.157571 -0.602217 0.1
12.3092 6.75131 0.280338 0.351072 -0.534001 -0.182603 -0.157571 -0.602217 0.1
12.3363 6.78563 0.262078 0.335315 -0.594223 -0.182603 -0.157571 -0.602217 0.1
12.3616 6.81837 0.243817 0.319558 -0.654444 -0.182603 -0.157571 -0.602217 0.1
12.3851 6.84954 0.225557 0.303801 -0.714666 -0.182603 -0.157571 -0.602217 0.1
12.4067 6.87913 0.207296 0.288044 -0.774888 -0.182603 -0.157571 -0.602217 0.1
12.4301 6.90644 0.260264 0.258111 -0.806494 0.529671 -0.299328 -0.31606 0.1
12.4588 6.93075 0.313231 0.228178 -0.8381 0.529671 -0.299328 -0.31606 0.1
12.4927 6.95207 0.366198 0.198246 -0.869706 0.529671 -0.299328 -0.31606 0.1
12.532 6.9704 0.419165 0.168313 -0.901312 0.529671 -0.299328 -0.31606 0.1
12.5733 6.98847 0.406738 0.193138 -0.976411 -0.124264 0.248249 -0.75099 0.1
12.6134 7.00903 0.394312 0.217963 -1.05151 -0.124264 0.248249 -0.75099 0.1
12.6522 7.03207 0.381886 0.242788 -1.12661 -0.124264 0.248249 -0.75099 0.1
12.6897 7.05759 0.369459 0.267613 -1.20171 -0.124264 0.248249 -0.75099 0.1
12.7261 7.08559 0.357033 0.292438 -1.27681 -0.124264 0.248249 -0.75099 0.1
12.7611 7.11607 0.344606 0.317263 -1.35191 -0.124264 0.248249 -0.75099 0.1
12.795 7.14904 0.33218 0.342088 -1.427 -0.124264 0.248249 -0.75099 0.1
12.8325 7.18568 0.417495 0.390772 -1.49721 0.853153 0.486845 -0.702084 0.1
12.8785 7.2272 0.50281 0.439457 -1.56742 0.853153 0.486845 -0.702084 0.1
12.933 7.27358 0.588126 0.488141 -1.63763 0.853153 0.486845 -0.702084 0.1
12.9961 7.32482 0.673441 0.536826 -1.70784 0.853153 0.486845 -0.702084 0.1
13.0677 7.38094 0.758756 0.58551 -1.77805 0.853153 0.486845 -0.702084 0.1
13.1479 7.44193 0.844072 0.634195 -1.84826 0.853153 0.486845 -0.702084 0.1
13.2365 7.50778 0.929387 0.682879 -1.91846 0.853153 0.486845 -0.702084 0.1
13.3293 7.57726 0.925614 0.706781 -1.9312 -0.0377329 0.23902 -0.127379 0.1
13.4217 7.64914 0.92184 0.730683 -1.94394 -0.0377329 0.23902 -0.127379 0.1
13.5137 7.7234 0.918067 0.754585 -1.95668 -0.0377329 0.23902 -0.127379 0.1
13.6053 7.80005 0.914294 0.778488 -1.96942 -0.0377329 0.23902 -0.127379 0.1
13.6965 7.8791 0.910521 0.80239 -1.98215 -0.0377329 0.23902 -0.127379 0.1
13.7874 7.96053 0.906747 0.826292 -1.99489 -0.0377329 0.23902 -0.127379 0.1
13.8779 8.04435 0.902974 0.850194 -2.00763 -0.0377329 0.23902 -0.127379 0.1
13.9683 8.12598 0.905557 0.782336 -2.0377 0.0258308 -0.678573 -0.300688 0.1
14.059 8.20082 0.90814 0.714479 -2.06777 0.0258308 -0.678573 -0.300688 0.1
14.1453 8.27152 0.818442 0.699474 -2.04847 -0.896981 -0.150048 0.192924 0.1
14.2227 8.34072 0.728744 0.684469 -2.02918 -0.896981 -0.150048 0.192924 0.1
14.2907 8.4126 0.633044 0.753247 -2.10582 -0.956995 0.687779 -0.76643 0.1
14.3493 8.49137 0.537345 0.822025 -2.18247 -0.956995 0.687779 -0.76643 0.1
14.402 8.57096 0.517053 0.769789 -2.1081 -0.202921 -0.522368 0.743628 0.1
14.4527 8.64532 0.496761 0.717552 -2.03374 -0.202921 -0.522368 0.743628 0.1
14.5013 8.71447 0.476469 0.665315 -1.95938 -0.202921 -0.522368 0.743628 0.1
14.548 8.77839 0.456176 0.613078 -1.88502 -0.202921 -0.522368 0.743628 0.1
14.5926 8.83708 0.435884 0.560841 -1.81065 -0.202921 -0.522368 0.743628 0.1
14.6351 8.89056 0.415592 0.508605 -1.73629 -0.202921 -0.522368 0.743628 0.1
14.6787 8.94557 0.455141 0.591668 -1.7945 0.395484 0.830636 -0.582064 0.1
14.7262 9.00889 0.494689 0.674732 -1.8527 0.395484 0.830636 -0.582064 0.1
14.7776 9.08052 0.534238 0.757796 -1.91091 0.395484 0.830636 -0.582064 0.1
14.8334 9.15912 0.580977 0.814376 -2.00472 0.467395 0.565807 -0.938096 0.1
14.8867 9.2393 0.48506 0.789186 -2.08773 -0.959169 -0.251899 -0.83015 0.1
14.9304 9.31696 0.389143 0.763996 -2.17075 -0.959169 -0.251899 -0.83015 0.1
14.9645 9.3921 0.293226 0.738807 -2.25376 -0.959169 -0.251899 -0.83015 0.1
14.989 9.46472 0.19731 0.713617 -2.33678 -0.959169 -0.251899 -0.83015 0.1
15.004 9.53482 0.101393 0.688427 -2.41979 -0.959169 -0.251899 -0.83015 0.1
15.0093 9.60241 0.00547582 0.663237 -2.50281 -0.959169 -0.251899 -0.83015 0.1
15.0051 9.66747 -0.090441 0.638047 -2.58582 -0.959169 -0.251899 -0.83015 0.1
14.9912 9.73002 -0.186358 0.612857 -2.66884 -0.959169 -0.251899 -0.83015 0.1
14.9678 9.79004 -0.282275 0.587667 -2.75185 -0.959169 -0.251899 -0.83015 0.1
14.9348 9.84755 -0.378192 0.562477 -2.83487 -0.959169 -0.251899 -0.83015 0.1
14.8998 9.90066 -0.321192 0.499621 -2.77928 0.569996 -0.628563 0.55586 0.1
14.8705 9.94748 -0.264192 0.436765 -2.7237 0.569996 -0.628563 0.55586 0.1
14.847 9.98801 -0.207193 0.373909 -2.66811 0.569996 -0.628563 0.55586 0.1
14.8291 10.0223 -0.150193 0.311052 -2.61253 0.569996 -0.628563 0.55586 0.1
14.8169 10.0502 -0.0931934 0.248196 -2.55694 0.569996 -0.628563 0.55586 0.1
14.8044 10.0762 -0.156479 0.270866 -2.47697 -0.632855 0.226704 0.799726 0.1
14.7856 10.1044 -0.219764 0.293537 -2.39699 -0.632855 0.226704 0.799726 0.1
14.7605 10.1349 -0.28305 0.316207 -2.31702 -0.632855 0.226704 0.799726 0.1
14.729 10.1676 -0.346335 0.338877 -2.23705 -0.632855 0.226704 0.799726 0.1
14.6912 10.2027 -0.409621 0.361548 -2.15708 -0.632855 0.226704 0.799726 0.1
14.6471 10.2399 -0.472906 0.384218 -2.0771 -0.632855 0.226704 0.799726 0.1
14.5966 10.2795 -0.536192 0.406889 -1.99713 -0.632855 0.226704 0.799726 0.1
14.5399 10.3213 -0.599477 0.429559 -1.91716 -0.632855 0.226704 0.799726 0.1
14.4768 10.3654 -0.662762 0.452229 -1.83719 -0.632855 0.226704 0.799726 0.1
14.4073 10.4118 -0.726048 0.4749 -1.75721 -0.632855 0.226704 0.799726 0.1
14.3386 10.4589 -0.647541 0.468723 -1.7154 0.785068 -0.0617711 0.418137 0.1
14.2778 10.5055 -0.569034 0.462545 -1.67359 0.785068 -0.0617711 0.418137 0.1
14.2248 10.5515 -0.490527 0.456368 -1.63177 0.785068 -0.0617711 0.418137 0.1
14.1797 10.5968 -0.412021 0.450191 -1.58996 0.785068 -0.0617711 0.418137 0.1
14.1424 10.6415 -0.333514 0.444014 -1.54814 0.785068 -0.0617711 0.418137 0.1
14.113 10.6856 -0.255007 0.437837 -1.50633 0.785068 -0.0617711 0.418137 0.1
14.0914 10.7291 -0.1765 0.43166 -1.46452 0.785068 -0.0617711 0.418137 0.1
14.0777 10.7719 -0.0979932 0.425483 -1.4227 0.785068 -0.0617711 0.418137 0.1
14.0718 10.8142 -0.0194863 0.419306 -1.38089 0.785068 -0.0617711 0.418137 0.1
14.0738 10.8558 0.0590205 0.413129 -1.33908 0.785068 -0.0617711 0.418137 0.1
14.0844 10.901 0.152504 0.491318 -1.32541 0.934834 0.781899 0.13667 0.1
14.1043 10.954 0.245987 0.569508 -1.31174 0.934834 0.781899 0.13667 0.1
14.1336 11.0149 0.339471 0.647698 -1.29808 0.934834 0.781899 0.13667 0.1
14.1722 11.0836 0.432954 0.725888 -1.28441 0.934834 0.781899 0.13667 0.1
14.2202 11.1601 0.526438 0.804078 -1.27074 0.934834 0.781899 0.13667 0.1
14.2775 11.2444 0.619921 0.882268 -1.25707 0.934834 0.781899 0.13667 0.1
14.3441 11.3365 0.713404 0.960458 -1.24341 0.934834 0.781899 0.13667 0.1
14.4148 11.4336 0.70033 0.980358 -1.23073 -0.130745 0.199003 0.126734 0.1
14.4845 11.5302 0.69335 0.952961 -1.32457 -0.0697972 -0.273978 -0.938374 0.1
14.5535 11.6242 0.68637 0.925563 -1.41841 -0.0697972 -0.273978 -0.938374 0.1
14.6218 11.7154 0.679391 0.898165 -1.51225 -0.0697972 -0.273978 -0.938374 0.1
14.6854 11.8054 0.592299 0.902559 -1.52068 -0.870915 0.0439437 -0.0843096 0.1
14.7403 11.8959 0.505208 0.906954 -1.52911 -0.870915 0.0439437 -0.0843096 0.1
14.7864 11.9868 0.418116 0.911348 -1.53754 -0.870915 0.0439437 -0.0843096 0.1
14.8239 12.0781 0.331025 0.915742 -1.54597 -0.870915 0.0439437 -0.0843096 0.1
14.8526 12.1699 0.243933 0.920137 -1.5544 -0.870915 0.0439437 -0.0843096 0.1
14.8727 12.2622 0.156842 0.924531 -1.56283 -0.870915 0.0439437 -0.0843096 0.1
14.884 12.3548 0.0697504 0.928926 -1.57126 -0.870915 0.0439437 -0.0843096 0.1
14.8866 12.4479 -0.0173411 0.93332 -1.57969 -0.870915 0.0439437 -0.0843096 0.1
14.8805 12.5415 -0.104433 0.937714 -1.58812 -0.870915 0.0439437 -0.0843096 0.1
14.8684 12.6325 -0.137875 0.882262 -1.53315 -0.334422 -0.554521 0.549759 0.1
14.8529 12.718 -0.171317 0.82681 -1.47817 -0.334422 -0.554521 0.549759 0.1
14.8341 12.7979 -0.204759 0.771358 -1.4232 -0.334422 -0.554521 0.549759 0.1
14.812 12.8722 -0.238201 0.715906 -1.36822 -0.334422 -0.554521 0.549759 0.1
14.7865 12.941 -0.271644 0.660454 -1.31325 -0.334422 -0.554521 0.549759 0.1
14.7577 13.0043 -0.305086 0.605001 -1.25827 -0.334422 -0.554521 0.549759 0.1
14.7225 13.0664 -0.398099 0.636285 -1.34764 -0.930129 0.312832 -0.893675 0.1
14.678 13.1316 -0.491112 0.667568 -1.437 -0.930129 0.312832 -0.893675 0.1
14.6243 13.1999 -0.584125 0.698851 -1.52637 -0.930129 0.312832 -0.893675 0.1
14.5612 13.2713 -0.677137 0.730134 -1.61574 -0.930129 0.312832 -0.893675 0.1
14.4909 13.3465 -0.72872 0.773996 -1.65515 -0.515826 0.438618 -0.394148 0.1
14.4155 13.4261 -0.780303 0.817858 -1.69457 -0.515826 0.438618 -0.394148 0.1
14.3349 13.5101 -0.831885 0.86172 -1.73398 -0.515826 0.438618 -0.394148 0.1
14.2491 13.5985 -0.883468 0.905581 -1.7734 -0.515826 0.438618 -0.394148 0.1
14.1582 13.6912 -0.93505 0.949443 -1.81281 -0.515826 0.438618 -0.394148 0.1
14.0621 13.7884 -0.986633 0.993305 -1.85223 -0.515826 0.438618 -0.394148 0.1
13.9671 13.8873 -0.912685 0.985266 -1.80601 0.739481 -0.0803893 0.462146 0.1
13.8796 13.9854 -0.838737 0.977227 -1.7598 0.739481 -0.0803893 0.462146 0.1
13.7994 14.0827 -0.764789 0.969188 -1.71358 0.739481 -0.0803893 0.462146 0.1
13.7266 14.1793 -0.690841 0.961149 -1.66737 0.739481 -0.0803893 0.462146 0.1
13.6612 14.275 -0.616893 0.95311 -1.62116 0.739481 -0.0803893 0.462146 0.1
13.6027 14.3661 -0.553837 0.868963 -1.60565 0.630558 -0.841474 0.155028 0.1
13.5504 14.4488 -0.490781 0.784816 -1.59015 0.630558 -0.841474 0.155028 0.1
13.5045 14.523 -0.427725 0.700668 -1.57465 0.630558 -0.841474 0.155028 0.1
13.4649 14.5889 -0.36467 0.616521 -1.55914 0.630558 -0.841474 0.155028 0.1
13.4316 14.6463 -0.301614 0.532373 -1.54364 0.630558 -0.841474 0.155028 0.1
13.4046 14.6954 -0.238558 0.448226 -1.52814 0.630558 -0.841474 0.155028 0.1
13.3839 14.736 -0.175502 0.364079 -1.51264 0.630558 -0.841474 0.155028 0.1
13.3695 14.7682 -0.112447 0.279931 -1.49713 0.630558 -0.841474 0.155028 0.1
13.3613 14.7982 -0.0504367 0.320707 -1.53297 0.620099 0.40776 -0.358362 0.1
13.3594 14.8323 0.0115733 0.361483 -1.5688 0.620099 0.40776 -0.358362 0.1
13.3636 14.8705 0.0735832 0.402259 -1.60464 0.620099 0.40776 -0.358362 0.1
13.3741 14.9128 0.135593 0.443035 -1.64048 0.620099 0.40776 -0.358362 0.1
13.3908 14.9591 0.197603 0.483811 -1.67631 0.620099 0.40776 -0.358362 0.1
13.4136 15.0096 0.259613 0.524587 -1.71215 0.620099 0.40776 -0.358362 0.1
13.4427 15.064 0.321623 0.565363 -1.74799 0.620099 0.40776 -0.358362 0.1
13.4779 15.1226 0.383633 0.606139 -1.78382 0.620099 0.40776 -0.358362 0.1
13.5137 15.1838 0.331038 0.617411 -1.6943 -0.525944 0.112714 0.895194 0.1
13.5442 15.2461 0.278444 0.628682 -1.60478 -0.525944 0.112714 0.895194 0.1
13.5694 15.3095 0.22585 0.639954 -1.51526 -0.525944 0.112714 0.895194 0.1
13.5893 15.3741 0.173255 0.651225 -1.42574 -0.525944 0.112714 0.895194 0.1
13.604 15.4398 0.120661 0.662497 -1.33622 -0.525944 0.112714 0.895194 0.1
13.6135 15.5066 0.0680663 0.673768 -1.24671 -0.525944 0.112714 0.895194 0.1
13.6176 15.5745 0.0154719 0.685039 -1.15719 -0.525944 0.112714 0.895194 0.1
13.6166 15.6436 -0.0371226 0.696311 -1.06767 -0.525944 0.112714 0.895194 0.1
13.6094 15.713 -0.105692 0.691789 -1.03857 -0.685692 -0.0452185 0.290981 0.1
13.5954 15.782 -0.174261 0.687267 -1.00947 -0.685692 -0.0452185 0.290981 0.1
13.5746 15.8505 -0.24283 0.682745 -0.980372 -0.685692 -0.0452185 0.290981 0.1
13.5468 15.9185 -0.3114 0.678224 -0.951274 -0.685692 -0.0452185 0.290981 0.1
13.5123 15.9861 -0.379969 0.673702 -0.922176 -0.685692 -0.0452185 0.290981 0.1
13.4709 16.0533 -0.448538 0.66918 -0.893078 -0.685692 -0.0452185 0.290981 0.1
13.4212 16.118 -0.544278 0.626788 -0.883953 -0.957398 -0.423915 0.0912503 0.1
13.362 16.1786 -0.640018 0.584397 -0.874828 -0.957398 -0.423915 0.0912503 0.1
13.2932 16.2349 -0.735757 0.542005 -0.865703 -0.957398 -0.423915 0.0912503 0.1
13.2148 16.287 -0.831497 0.499614 -0.856578 -0.957398 -0.423915 0.0912503 0.1
13.1269 16.3349 -0.927237 0.457222 -0.847453 -0.957398 -0.423915 0.0912503 0.1
13.0347 16.3764 -0.916575 0.373192 -0.762307 0.106615 -0.840309 0.851459 0.1
12.9436 16.4095 -0.905914 0.289161 -0.677161 0.106615 -0.840309 0.851459 0.1
12.8535 16.4342 -0.895253 0.20513 -0.592015 0.106615 -0.840309 0.851459 0.1
12.7645 16.4505 -0.884591 0.121099 -0.506869 0.106615 -0.840309 0.851459 0.1
12.6766 16.4584 -0.87393 0.0370679 -0.421723 0.106615 -0.840309 0.851459 0.1
12.5898 16.4579 -0.863268 -0.0469629 -0.336577 0.106615 -0.840309 0.851459 0.1
12.5065 16.4528 -0.802341 -0.0565765 -0.247252 0.609275 -0.0961356 0.893251 0.1
12.4293 16.4466 -0.741413 -0.0661901 -0.157927 0.609275 -0.0961356 0.893251 0.1
12.3582 16.4395 -0.680486 -0.0758036 -0.0686022 0.609275 -0.0961356 0.893251 0.1
12.2932 16.4315 -0.619558 -0.0854172 0.0207229 0.609275 -0.0961356 0.893251 0.1
12.2343 16.4224 -0.558631 -0.0950308 0.110048 0.609275 -0.0961356 0.893251 0.1
12.1815 16.4124 -0.497703 -0.104644 0.199373 0.609275 -0.0961356 0.893251 0.1
12.1347 16.4015 -0.436776 -0.114258 0.288698 0.609275 -0.0961356 0.893251 0.1
12.0916 16.3949 -0.426532 -0.0187127 0.357975 0.102443 0.955452 0.692769 0.1
12.0494 16.3978 -0.416287 0.0768325 0.427252 0.102443 0.955452 0.692769 0.1
12.0083 16.4102 -0.406043 0.172378 0.496529 0.102443 0.955452 0.692769 0.1
11.9685 16.4278 -0.390029 0.179264 0.529491 0.160137 0.0688623 0.329625 0.1
11.9303 16.4461 -0.374016 0.18615 0.562454 0.160137 0.0688623 0.329625 0.1
11.8937 16.465 -0.358002 0.193036 0.595416 0.160137 0.0688623 0.329625 0.1
11.8545 16.48 -0.425661 0.106476 0.546135 -0.67659 -0.865608 -0.492816 0.1
11.8086 16.4863 -0.49332 0.0199149 0.496853 -0.67659 -0.865608 -0.492816 0.1
11.7559 16.484 -0.560979 -0.0666459 0.447572 -0.67659 -0.865608 -0.492816 0.1
11.6964 16.473 -0.628638 -0.153207 0.39829 -0.67659 -0.865608 -0.492816 0.1
11.6301 16.4533 -0.696297 -0.239767 0.349008 -0.67659 -0.865608 -0.492816 0.1
11.5571 16.425 -0.763956 -0.326328 0.299727 -0.67659 -0.865608 -0.492816 0.1
11.4795 16.395 -0.788026 -0.274119 0.200409 -0.240695 0.522088 -0.993178 0.1
11.3995 16.3702 -0.812095 -0.221911 0.101091 -0.240695 0.522088 -0.993178 0.1
11.3171 16.3506 -0.836165 -0.169702 0.00177335 -0.240695 0.522088 -0.993178 0.1
11.2323 16.3363 -0.860234 -0.117493 -0.0975444 -0.240695 0.522088 -0.993178 0.1
11.1451 16.3271 -0.884303 -0.0652842 -0.196862 -0.240695 0.522088 -0.993178 0.1
11.0554 16.3232 -0.908373 -0.0130754 -0.29618 -0.240695 0.522088 -0.993178 0.1
10.9634 16.3245 -0.932442 0.0391334 -0.395498 -0.240695 0.522088 -0.993178 0.1
10.8689 16.3311 -0.956512 0.0913422 -0.494816 -0.240695 0.522088 -0.993178 0.1
10.7721 16.3428 -0.980581 0.143551 -0.594133 -0.240695 0.522088 -0.993178 0.1
10.6763 16.3577 -0.935844 0.1548 -0.626319 0.447373 0.112487 -0.32186 0.1
10.5842 16.3692 -0.905233 0.0743448 -0.61587 0.306108 -0.804549 0.104495 0.1
10.4952 16.3726 -0.874622 -0.00611006 -0.60542 0.306108 -0.804549 0.104495 0.1
10.4093 16.3679 -0.844012 -0.086565 -0.594971 0.306108 -0.804549 0.104495 0.1
10.3264 16.3553 -0.813401 -0.16702 -0.584522 0.306108 -0.804549 0.104495 0.1
10.2466 16.3345 -0.78279 -0.247475 -0.574072 0.306108 -0.804549 0.104495 0.1
10.1699 16.3058 -0.752179 -0.32793 -0.563623 0.306108 -0.804549 0.104495 0.1
10.0962 16.269 -0.721568 -0.408385 -0.553173 0.306108 -0.804549 0.104495 0.1
10.0255 16.2241 -0.690957 -0.488839 -0.542724 0.306108 -0.804549 0.104495 0.1
9.95747 16.1794 -0.670414 -0.404998 -0.616147 0.20543 0.838411 -0.734229 0.1
9.89146 16.1431 -0.649871 -0.321157 -0.68957 0.20543 0.838411 -0.734229 0.1
9.8275 16.1152 -0.629328 -0.237316 -0.762992 0.20543 0.838411 -0.734229 0.1
9.75958 16.0898 -0.729124 -0.270572 -0.854653 -0.997954 -0.332558 -0.916605 0.1
9.68167 16.0611 -0.828919 -0.303828 -0.946314 -0.997954 -0.332558 -0.916605 0.1
9.59379 16.029 -0.928715 -0.337084 -1.03797 -0.997954 -0.332558 -0.916605 0.1
9.50134 15.9989 -0.920342 -0.264394 -0.979513 0.0837317 0.726892 0.584607 0.1
9.40972 15.9761 -0.911968 -0.191705 -0.921053 0.0837317 0.726892 0.584607 0.1
9.31959 15.9521 -0.89071 -0.289856 -0.973955 0.212582 -0.981511 -0.529028 0.1
9.23158 15.9182 -0.869452 -0.388007 -1.02686 0.212582 -0.981511 -0.529028 0.1
9.1457 15.8745 -0.848194 -0.486158 -1.07976 0.212582 -0.981511 -0.529028 0.1
9.05947 15.829 -0.876478 -0.423041 -1.11753 -0.282839 0.631176 -0.377648 0.1
8.9704 15.7898 -0.904761 -0.359923 -1.15529 -0.282839 0.631176 -0.377648 0.1
8.87851 15.757 -0.933045 -0.296806 -1.19306 -0.282839 0.631176 -0.377648 0.1
8.7838 15.7305 -0.961329 -0.233688 -1.23082 -0.282839 0.631176 -0.377648 0.1
8.68625 15.7103 -0.989613 -0.17057 -1.26859 -0.282839 0.631176 -0.377648 0.1
8.58814 15.6971 -0.972586 -0.0926666 -1.28538 0.170276 0.779037 -0.167926 0.1
8.49173 15.6917 -0.955558 -0.0147629 -1.30217 0.170276 0.779037 -0.167926 0.1
8.39703 15.6942 -0.938531 0.0631408 -1.31896 0.170276 0.779037 -0.167926 0.1
8.30403 15.7044 -0.921503 0.141045 -1.33576 0.170276 0.779037 -0.167926 0.1
8.21273 15.7224 -0.904475 0.218948 -1.35255 0.170276 0.779037 -0.167926 0.1
8.12313 15.7482 -0.887448 0.296852 -1.36934 0.170276 0.779037 -0.167926 0.1
8.03524 15.7817 -0.87042 0.374756 -1.38613 0.170276 0.779037 -0.167926 0.1
7.94905 15.8231 -0.853393 0.452659 -1.40293 0.170276 0.779037 -0.167926 0.1
7.86456 15.8723 -0.836365 0.530563 -1.41972 0.170276 0.779037 -0.167926 0.1
7.78177 15.9292 -0.819338 0.608467 -1.43651 0.170276 0.779037 -0.167926 0.1
7.69846 15.9935 -0.846948 0.677384 -1.51694 -0.2761 0.689176 -0.804285 0.1
7.61238 16.0647 -0.874558 0.746302 -1.59737 -0.2761 0.689176 -0.804285 0.1
7.52355 16.1428 -0.902168 0.81522 -1.6778 -0.2761 0.689176 -0.804285 0.1
7.43694 16.2276 -0.830069 0.881784 -1.65469 0.720983 0.665648 0.231027 0.1
7.35256 16.3181 -0.857411 0.927446 -1.71448 -0.273417 0.456613 -0.597895 0.1
7.26545 16.4131 -0.884753 0.973107 -1.77427 -0.273417 0.456613 -0.597895 0.1
7.18156 16.5115 -0.793025 0.994636 -1.87057 0.917276 0.215293 -0.962957 0.1
7.09905 16.6102 -0.857169 0.979176 -1.78216 -0.641438 -0.154608 0.884065 0.1
7.01013 16.7073 -0.921313 0.963715 -1.69376 -0.641438 -0.154608 0.884065 0.1
6.91479 16.8029 -0.985457 0.948254 -1.60535 -0.641438 -0.154608 0.884065 0.1
6.81787 16.8963 -0.953078 0.919888 -1.67659 0.323792 -0.283663 -0.712382 0.1
6.7231 16.9852 -0.942308 0.856334 -1.62006 0.107697 -0.635533 0.565256 0.1
6.6294 17.0676 -0.931538 0.792781 -1.56354 0.107697 -0.635533 0.565256 0.1
6.53679 17.1437 -0.920768 0.729228 -1.50701 0.107697 -0.635533 0.565256 0.1
6.44525 17.2135 -0.909999 0.665675 -1.45048 0.107697 -0.635533 0.565256 0.1
6.34998 17.2811 -0.995462 0.68708 -1.38703 -0.854631 0.214053 0.634564 0.1
6.25099 17.3493 -0.984296 0.677702 -1.46749 0.111659 -0.0937768 -0.804572 0.1
6.15312 17.4166 -0.97313 0.668324 -1.54794 0.111659 -0.0937768 -0.804572 0.1
6.05636 17.483 -0.961964 0.658947 -1.6284 0.111659 -0.0937768 -0.804572 0.1
5.96072 17.5484 -0.950798 0.649569 -1.70886 0.111659 -0.0937768 -0.804572 0.1
5.8662 17.6129 -0.939632 0.640191 -1.78931 0.111659 -0.0937768 -0.804572 0.1
5.7728 17.6765 -0.928466 0.630814 -1.86977 0.111659 -0.0937768 -0.804572 0.1
5.68116 17.7358 -0.904317 0.556262 -1.90999 0.24149 -0.745522 -0.402206 0.1
5.59194 17.7877 -0.880168 0.481709 -1.95021 0.24149 -0.745522 -0.402206 0.1
5.50513 17.8322 -0.856019 0.407157 -1.99043 0.24149 -0.745522 -0.402206 0.1
5.42073 17.8691 -0.83187 0.332605 -2.03065 0.24149 -0.745522 -0.402206 0.1
5.33875 17.8987 -0.807721 0.258053 -2.07087 0.24149 -0.745522 -0.402206 0.1
5.26009 17.9208 -0.765605 0.184845 -2.04641 0.421159 -0.732083 0.24465 0.1
5.18563 17.9356 -0.72349 0.111636 -2.02194 0.421159 -0.732083 0.24465 0.1
5.11539 17.9431 -0.681374 0.0384282 -1.99748 0.421159 -0.732083 0.24465 0.1
5.05106 17.944 -0.605187 -0.0216004 -1.93468 0.761868 -0.600285 0.628034 0.1
4.99435 17.9388 -0.529 -0.0816289 -1.87187 0.761868 -0.600285 0.628034 0.1
4.94526 17.9277 -0.452813 -0.141657 -1.80907 0.761868 -0.600285 0.628034 0.1
4.90379 17.9105 -0.376626 -0.201686 -1.74627 0.761868 -0.600285 0.628034 0.1
4.86993 17.8873 -0.30044 -0.261714 -1.68346 0.761868 -0.600285 0.628034 0.1
4.8437 17.8582 -0.224253 -0.321743 -1.62066 0.761868 -0.600285 0.628034 0.1
4.82508 17.823 -0.148066 -0.381771 -1.55786 0.761868 -0.600285 0.628034 0.1
4.81409 17.7818 -0.0718792 -0.4418 -1.49505 0.761868 -0.600285 0.628034 0.1
4.81071 17.7346 0.00430761 -0.501828 -1.43225 0.761868 -0.600285 0.628034 0.1
4.81224 17.6817 0.0263499 -0.555999 -1.33359 0.220423 -0.541709 0.986553 0.1
4.81598 17.6234 0.0483922 -0.61017 -1.23494 0.220423 -0.541709 0.986553 0.1
4.82192 17.5597 0.0704345 -0.664341 -1.13628 0.220423 -0.541709 0.986553 0.1
4.83006 17.4906 0.0924768 -0.718512 -1.03763 0.220423 -0.541709 0.986553 0.1
4.84041 17.416 0.114519 -0.772683 -0.938973 0.220423 -0.541709 0.986553 0.1
4.85297 17.336 0.136561 -0.826854 -0.840317 0.220423 -0.541709 0.986553 0.1
4.86773 17.2506 0.158604 -0.881024 -0.741662 0.220423 -0.541709 0.986553 0.1
4.88753 17.1649 0.237378 -0.833079 -0.724885 0.787739 0.479455 0.167765 0.1
4.9152 17.084 0.316151 -0.785133 -0.708109 0.787739 0.479455 0.167765 0.1
4.95076 17.0079 0.394925 -0.737188 -0.691332 0.787739 0.479455 0.167765 0.1
4.99419 16.9366 0.473699 -0.689242 -0.674556 0.787739 0.479455 0.167765 0.1
5.0455 16.87 0.552473 -0.641297 -0.657779 0.787739 0.479455 0.167765 0.1
5.10468 16.8083 0.631247 -0.593351 -0.641003 0.787739 0.479455 0.167765 0.1
5.17175 16.7514 0.710021 -0.545406 -0.624226 0.787739 0.479455 0.167765 0.1
5.23911 16.6966 0.63718 -0.550084 -0.540952 -0.728407 -0.046782 0.832741 0.1
5.29918 16.6414 0.56434 -0.554762 -0.457678 -0.728407 -0.046782 0.832741 0.1
5.35197 16.5856 0.491499 -0.559441 -0.374404 -0.728407 -0.046782 0.832741 0.1
5.40299 16.5336 0.528864 -0.482271 -0.439494 0.373654 0.771697 -0.650905 0.1
5.45775 16.4892 0.56623 -0.405101 -0.504585 0.373654 0.771697 -0.650905 0.1
5.51624 16.4525 0.603595 -0.327931 -0.569675 0.373654 0.771697 -0.650905 0.1
5.57847 16.4236 0.64096 -0.250762 -0.634766 0.373654 0.771697 -0.650905 0.1
5.64443 16.4024 0.678326 -0.173592 -0.699856 0.373654 0.771697 -0.650905 0.1
5.71413 16.3889 0.715691 -0.0964223 -0.764947 0.373654 0.771697 -0.650905 0.1
5.78757 16.3831 0.753056 -0.0192527 -0.830037 0.373654 0.771697 -0.650905 0.1
5.86474 16.385 0.790422 0.057917 -0.895128 0.373654 0.771697 -0.650905 0.1
5.94565 16.3947 0.827787 0.135087 -0.960218 0.373654 0.771697 -0.650905 0.1
6.0303 16.412 0.865152 0.212256 -1.02531 0.373654 0.771697 -0.650905 0.1
6.11262 16.435 0.781278 0.24767 -1.03029 -0.838749 0.354134 -0.0497855 0.1
6.18655 16.4616 0.697403 0.283083 -1.03527 -0.838749 0.354134 -0.0497855 0.1
6.2521 16.4917 0.613528 0.318497 -1.04024 -0.838749 0.354134 -0.0497855 0.1
6.30926 16.5253 0.529653 0.35391 -1.04522 -0.838749 0.354134 -0.0497855 0.1
6.35803 16.5624 0.445778 0.389323 -1.0502 -0.838749 0.354134 -0.0497855 0.1
6.39842 16.6031 0.361903 0.424737 -1.05518 -0.838749 0.354134 -0.0497855 0.1
6.43082 16.6416 0.286127 0.344161 -1.06584 -0.757759 -0.805757 -0.106568 0.1
6.45564 16.672 0.210351 0.263586 -1.07649 -0.757759 -0.805757 -0.106568 0.1
6.47764 16.6936 0.229658 0.169496 -1.04347 0.193065 -0.940899 0.330229 0.1
6.50157 16.7059 0.248964 0.0754057 -1.01045 0.193065 -0.940899 0.330229 0.1
6.52743 16.7087 0.268271 -0.0186843 -0.977425 0.193065 -0.940899 0.330229 0.1
6.55672 16.7096 0.317529 0.0364131 -1.0266 0.492583 0.550974 -0.491768 0.1
6.59094 16.716 0.366787 0.0915105 -1.07578 0.492583 0.550974 -0.491768 0.1
6.63008 16.7279 0.416046 0.146608 -1.12496 0.492583 0.550974 -0.491768 0.1
6.67415 16.7453 0.465304 0.201705 -1.17413 0.492583 0.550974 -0.491768 0.1
6.71937 16.7677 0.439017 0.246326 -1.0839 -0.262864 0.446203 0.902328 0.1
6.76195 16.7946 0.412731 0.290946 -0.993667 -0.262864 0.446203 0.902328 0.1
6.80375 16.8275 0.4233 0.36789 -1.0501 0.10569 0.769438 -0.564353 0.1
6.84661 16.8682 0.433869 0.444833 -1.10654 0.10569 0.769438 -0.564353 0.1
6.89053 16.9165 0.444438 0.521777 -1.16297 0.10569 0.769438 -0.564353 0.1
6.9355 16.9725 0.455007 0.598721 -1.21941 0.10569 0.769438 -0.564353 0.1
6.98153 17.0362 0.465576 0.675665 -1.27584 0.10569 0.769438 -0.564353 0.1
7.02862 17.1077 0.476145 0.752609 -1.33228 0.10569 0.769438 -0.564353 0.1
7.07676 17.1868 0.486714 0.829552 -1.38871 0.10569 0.769438 -0.564353 0.1
7.12596 17.2736 0.497283 0.906496 -1.44515 0.10569 0.769438 -0.564353 0.1
7.17288 17.363 0.441236 0.882722 -1.35167 -0.560468 -0.237737 0.934799 0.1
7.21421 17.4501 0.385189 0.858949 -1.25819 -0.560468 -0.237737 0.934799 0.1
7.24992 17.5348 0.329142 0.835175 -1.16471 -0.560468 -0.237737 0.934799 0.1
7.28003 17.6171 0.273096 0.811401 -1.07123 -0.560468 -0.237737 0.934799 0.1
